Sub	Age	Version	Gender	cubes_raw	cubes_acc1	cubes_acc2	objects_raw	objects_acc1	objects_acc2	bodies_raw	bodies_acc1	bodies_acc2	cubes_rt1	cubes_rt2	objects_rt1	objects_rt2	bodies_rt1	bodies_rt2	cubes_acc	sub	cubes_high_low	cubes_mean	centered_cubes	objects_acc	mean_obj	obj_centered	bodies_acc	mean_acc	cubes_rt	objects_rt	bodies_rt	ST_score	ST_rt	Object_scale	Spatial scale	Verbal scale	OSIQV_style	CFS_score	reflection_score	rumination_score	preoccupation_score
1	35	A	F	48	21	27	42	23	19	48	26	22	2.71	2.58	1.71	1.96	2.54	1.98	0.8	1	1	0.77748538	0.02251462	0.7	-4.28507E-17	0.7	0.8	0.766666667	2.65	1.84	3.53	242	312	64	51	33	object	54	11	6	7
2	21	A	M	47	18	29	58	29	29	55	26	29	2.35	2.12	0.89	0.95	1.74	1.84	0.783333333	2			0.005847953	0.966666667		0.966666667	0.916666667	0.888888889	2.24	0.92	2.66	184	399	63	60	45	object	53	6	5	5
3	21	A	M	47	23	24	58	29	29	54	26	28	2.03	2.14	1.38	1.03	1.91	1.7	0.783333333	3			0.005847953	0.966666667		0.966666667	0.9	0.883333333	2.09	1.21	2.76	405	364	50	34	32	object	48	5	5	5
4	20	A	F	37	22	15	52	26	26	45	20	25	1.58	2.72	1.42	1.46	1.64	1.29	0.616666667	4	0		-0.160818713	0.866666667		0.866666667	0.75	0.744444444	2.15	1.44	2.29	420	460	62	48	45	object	52	16	13	8
5	28	A	M	50	22	28	51	24	27	54	27	27	1.67	1.13	1.32	1.31	1.12	1.07	0.833333333	5	1		0.055847953	0.85		0.85	0.9	0.861111111	1.4	1.32	1.66	202	545	62	55	53	object	56	11	6	7
6	27	A	F	47	23	24	49	26	23	51	27	24	1.55	1.31	1.03	0.84	1.18	0.99	0.783333333	6			0.005847953	0.816666667		0.816666667	0.85	0.816666667	1.43	0.94	1.68	415	482	45	34	43	object	48	15	11	15
7	27	A	M	53	25	28	56	28	28	57	29	28	2.48	2.54	2.08	1.89	2.08	2.28	0.883333333	7	1		0.105847953	0.933333333		0.933333333	0.95	0.922222222	2.51	1.99	3.22	319	292	56	43	42	object	52	6	6	5
8	22	A	F	31	16	15	51	24	27	46	20	26	2.53	1.95	1.33	0.97	1.57	1.87	0.516666667	8	0		-0.260818713	0.85		0.85	0.766666667	0.711111111	2.24	1.15	2.51	559	403	40	28	44	object	55	6	7	7
9	28	A	F	38	16	22	54	25	29	47	22	25	1.63	1.77	1.42	1.44	1.8	1.74	0.633333333	9	0		-0.144152047	0.9		0.9	0.783333333	0.772222222	1.7	1.43	2.67	649	660	41	32	44	object	50	12	7	6
10	19	A	F	58	29	29	56	27	29	58	29	29	1.85	0.93	0.61	0.45	0.76	0.61	0.966666667	10	1		0.189181287	0.933333333		0.933333333	0.966666667	0.955555556	1.39	0.53	1.07	516	450	55	42	45	object	55	9	9	8
11	28	C	M	52	25	27	54	27	27	50	23	27	1.72	1.79	1.8	1.61	1.75	1.39	0.866666667	11	1		0.089181287	0.9		0.9	0.833333333	0.866666667	1.76	1.71	2.45	413	551	49	45	50	verbal	58	10	5	7
12	20	C	F	48	22	26	44	20	24	48	21	27	1.43	1.36	1.15	1.12	1.31	1.28	0.8	12	1		0.02251462	0.733333333		0.733333333	0.8	0.777777778	1.4	1.14	1.95	263	507	56	44	34	object	48	6	5	6
13	35	C	M	43	21	22	52	24	28	49	22	27	2.37	2.49	2.29	2.21	2.64	2.14	0.716666667	13	0		-0.060818713	0.866666667		0.866666667	0.816666667	0.8	2.43	2.25	3.71	283	299	62	54	43	object	55	6	5	9
14	31	C	M	46	24	22	49	23	26	49	25	24	1.19	1.15	1.33	1.34	1.78	1.4	0.766666667	14	0		-0.010818713	0.816666667		0.816666667	0.816666667	0.8	1.17	1.34	2.48	594	502	50	47	36	object	57	5	5	5
15	23	C	M	40	23	17	44	19	25	39	19	20	1.22	1.1	1.28	1.43	1.98	1.53	0.666666667	15	0		-0.110818713	0.733333333		0.733333333	0.65	0.683333333	1.16	1.36	2.75	309	311	35	51	35	spatial	50	7	7	6
16	29	C	M	51	24	27	55	26	29	53	26	27	0.89	0.84	0.95	0.83	1.21	0.94	0.85	16	1		0.07251462	0.916666667		0.916666667	0.883333333	0.883333333	0.87	0.89	1.68	442	529	51	53	45	spatial	56	5	6	8
17	21	C	F	43	19	24	40	20	20	36	16	20	1.6	1.53	1.71	1.64	1.76	1.88	0.716666667	17	0		-0.060818713	0.666666667		0.666666667	0.6	0.661111111	1.57	1.68	2.7	630	290	51	49	49	object	59	20	7	12
18	25	C	F	53	27	26	55	29	26	55	26	29	1.11	1.02	0.82	0.8	1.06	1	0.883333333	18	1		0.105847953	0.916666667		0.916666667	0.916666667	0.905555556	1.07	0.81	1.56	294	242	51	57	36	spatial	53	10	6	8
19	23	C	F	52	26	26	55	29	26	50	25	25	1.58	1.47	1.55	1.38	1.63	1.42	0.866666667	19	1		0.089181287	0.916666667		0.916666667	0.833333333	0.872222222	1.53	1.47	2.34	302	416	62	41	25	object	40	17	13	13
20	20	C	F	53	26	27	55	26	29	58	29	29	1.01	0.85	1.22	0.83	1.76	1.65	0.883333333	20	1		0.105847953	0.916666667		0.916666667	0.966666667	0.922222222	0.93	1.03	2.59	453	536	71	39	55	object	61	13	7	9
21	22	B	M	50	25	25	50	22	28	56	27	29	1.45	1.33	1.83	1.36	1.44	1.24	0.833333333	21	1		0.055847953	0.833333333		0.833333333	0.933333333	0.866666667	1.39	1.6	2.06	474	425	53	47	54	object	61	15	7	6
22	21	B	M	55	25	30	47	25	22	56	29	27	1.58	1.51	1.58	1.33	1.58	1.51	0.916666667	22	1		0.139181287	0.783333333		0.783333333	0.933333333	0.877777778	1.55	1.46	2.34	282	419	46	57	39	spatial	54	8	6	5
23	20	B	F	48	22	26	51	24	27	54	26	28	1.27	1.32	1.63	0.97	1.32	1.06	0.8	23	1		0.02251462	0.85		0.85	0.9	0.85	1.3	1.3	1.85	300	316	52	49	42	object	49	10	6	8
24	25	B	F	46	25	21	42	18	24	43	18	25	1.81	1.88	2.1	1.89	1.91	1.95	0.766666667	24	0		-0.010818713	0.7		0.7	0.716666667	0.727777778	1.85	2	2.89	1131	691	58	38	45	object	54	8	6	6
25	25	B	F	42	19	23	50	23	27	52	24	28	2.04	1.89	2.72	2.33	2.15	1.94	0.7	25	0		-0.07748538	0.833333333		0.833333333	0.866666667	0.8	1.97	2.53	3.12	387	505	47	41	37	object	50	10	6	7
26	35	B	F	44	22	22	43	22	21	49	22	27	2.11	2.05	2.2	2.17	2.4	2.5	0.733333333	26	0		-0.044152047	0.716666667		0.716666667	0.816666667	0.755555556	2.08	2.19	3.65	698	523	53	42	39	object	54	12	5	5
27	20	B	F	51	25	26	52	25	27	55	27	28	1.38	1.29	1.37	0.96	1.45	1.17	0.85	27	1		0.07251462	0.866666667		0.866666667	0.916666667	0.877777778	1.34	1.17	2.04	363	600	39	58	39	spatial	55	5	5	5
28	24	B	F	44	22	22	48	23	25	52	26	26	1.81	1.36	2.09	1.88		1.58	0.733333333	28	0		-0.044152047	0.8		0.8	0.866666667	0.8	1.59	1.99	0.79	467	286	50	40	51	object	51	6	6	6
29	31	B	M	46	21	25	55	26	29	52	26	26	0.97	1.2	1.2	0.97	0.91	0.95	0.766666667	29	0		-0.010818713	0.916666667		0.916666667	0.866666667	0.85	1.09	1.09	1.39	138	453	45	51	46	spatial	62	5	5	5
31	27	A	M	47	25	22	56	27	29	55	27	28	1.34	1.08	0.87	0.93	1.4	1.43	0.783333333	31			0.005847953	0.933333333		0.933333333	0.916666667	0.877777778	1.21	0.9	2.12	267	317	57	49	42	object	53	9	5	6
32	30	A	M	49	24	25	58	30	28	50	25	25	1.56	1.53	0.87	0.79	1.43	1.54	0.816666667	32	1		0.039181287	0.966666667		0.966666667	0.833333333	0.872222222	1.55	0.83	2.2	305	431	57	46	29	object	55	13	5	6
33	25	A	F	40	19	21	56	29	27	52	25	27	1.72	1.81	1	0.96	1.58	1.3	0.666666667	33	0		-0.110818713	0.933333333		0.933333333	0.866666667	0.822222222	1.77	0.98	2.23	424	331	61	49	39	object	50	6	7	9
34	19	A	F	35	16	19	47	22	25	40	21	19	2.12	1.7	1.49	1.51	1.68	1.49	0.583333333	34	0		-0.194152047	0.783333333		0.783333333	0.666666667	0.677777778	1.91	1.5	2.43	608	1316	49	43	38	object	47	7	5	5
35	22	A	F	46	17	29	54	27	27	53	25	28	1.53	1.37	0.83	0.98	1.22	1.04	0.766666667	35	0		-0.010818713	0.9		0.9	0.883333333	0.85	1.45	0.91	1.74	219	314	47	53	35	spatial	57	12	7	7
36	23	A	F	41	21	20	58	29	29	52	23	29	2.18	2.11	1.45	1.54	1.62	1.74	0.683333333	36	0		-0.094152047	0.966666667		0.966666667	0.866666667	0.838888889	2.15	1.5	2.49	437	339	55	45	48	object	48	10	7	8
37	20	A	M	43	21	22	57	28	29	50	26	24	1.85	1.85	1.29	0.9	1.69	1.61	0.716666667	37	0		-0.060818713	0.95		0.95	0.833333333	0.833333333	1.85	1.1	2.5	239	501	57	50	44	object	50	12	11	8
38	32	A	M	40	18	22	54	27	27	44	19	25	1.55	1.21	1.23	1.28	1.01	1.37	0.666666667	38	0		-0.110818713	0.9		0.9	0.733333333	0.766666667	1.38	1.26	1.7	320	229	60	48	39	object	59	5	6	7
40	21	A	M	46	23	23	53	27	26	48	26	22	2.3	2.2	1.8	1.7	2.3	2.3	0.766666667	40	0		-0.010818713	0.883333333		0.883333333	0.8	0.816666667	2.25	1.75	3.45	172	470	49	51	50	spatial	54	8	6	5
41	22	C	M	52	24	28	55	26	29	46	26	20	1.5	1.6	1.8	1.73	1.77	1.4	0.866666667	41	1		0.089181287	0.916666667		0.916666667	0.766666667	0.85	1.55	1.77	2.47	583	600	50	46	48	object	55	5	5	5
43	21	C	M	46	22	24	51	25	26	48	23	25	1.79	1.82	1.7	1.58	1.94	1.65	0.766666667	43	0		-0.010818713	0.85		0.85	0.8	0.805555556	1.81	1.64	2.77	298	456	49	44	44	object	52	12	9	11
44	26	C	M	44	24	20	51	26	25	47	18	29	0.74	0.81	0.97	0.71	1.43	1.03	0.733333333	44	0		-0.044152047	0.85		0.85	0.783333333	0.788888889	0.78	0.84	1.95	531	337	51	42	51	object	65	12	6	7
45	21	B	M	49	24	25	54	26	28	50	28	22	1.4	1.19	1.59	1.43	1.76	1.7	0.816666667	45	1		0.039181287	0.9		0.9	0.833333333	0.85	1.3	1.51	2.61	478	510	44	55	34	spatial	53	9	5	5
46	30	B	F	52	27	25	45	21	24	48	20	28	1.5	1.37	1.33	1.35	1.22	1.27	0.866666667	46	1		0.089181287	0.75		0.75	0.8	0.805555556	1.44	1.34	1.86	329	536	51	43	44	object	58	5	5	6
47	24	B	M	43	23	20	53	26	27	45	22	23	0.59	0.93	0.78	0.64	0.66	0.66	0.716666667	47	0		-0.060818713	0.883333333		0.883333333	0.75	0.783333333	0.76	0.71	0.99	687	328	35	47	42	spatial	46	9	5	6
48	26	B	F	55	27	28	48	23	25	52	25	27	1.62	1.79	1.94	1.99	1.9	1.79	0.916666667	48	1		0.139181287	0.8		0.8	0.75	0.861111111	1.71	1.97	2.8	202	248	51	58	32	spatial	48	9	6	5
49	22	B	F	55	29	26	52	24	28	58	29	29	1.39	1.56	1.15	1.11	1.18	1.2	0.916666667	49	1		0.139181287	0.866666667		0.866666667	0.866666667	0.916666667	1.48	1.13	1.78	340	455	50	56	36	spatial	53	5	5	5
50	25	B	F	35	19	16	44	22	22	31	13	18	1.71	1.88	1.95	1.84	1.98	1.76	0.583333333	50	0		-0.194152047	0.733333333		0.733333333	0.966666667	0.611111111	1.8	1.9	2.86	506	877	52	36	38	object	62	12	5	9
51	29	B	M	44	21	23	51	23	28	51	25	26	1.57	1.32	2.07	1.71	1.78	1.69	0.733333333	51	0		-0.044152047	0.85		0.85	0.516666667	0.811111111	1.45	1.89	2.63	235	314	46	44	48	object	60	9	5	5
52	25	B	M	48	24	24	45	20	25	40	21	19	1.57	1.62	1.28	1.66	1.45	1.3	0.8	52	1		0.02251462	0.75		0.75	0.85	0.738888889	1.6	1.47	2.1	599	427	67	49	53	object	61	11	7	5
53	25	B	F	40	20	20	47	23	24	47	23	24	1.73	1.47	1.85	1.81	1.67	1.75	0.666666667	53	0		-0.110818713	0.783333333		0.783333333	0.666666667	0.744444444	1.6	1.83	2.55	544	453	60	50	35	object	50	5	5	5
54	27	C	F	52	26	26	57	28	29	52	25	27	1.12	0.84	0.77	0.85	1.52	0.78	0.866666667	54	1		0.089181287	0.95		0.95	0.783333333	0.894444444	0.98	0.81	1.91	302	237	64	52	33	object	50	11	8	6
55	20	B	M	48	22	26	52	25	27	54	24	30	1.37	1.32	1.44	1.54	1.72	1.18	0.8	55	1		0.02251462	0.866666667		0.866666667	0.866666667	0.855555556	1.35	1.49	2.31	348	623	61	45	47	object	52	6	5	6
56	21	B	M	47	25	22	53	26	27	58	28	30	1.6	1.42	1.84	1.69	1.73	1.42	0.783333333	56			0.005847953	0.883333333		0.883333333	0.9	0.877777778	1.51	1.77	2.44	359	600	63	38	43	object	50	10	6	8
57	25	C	F	52	27	25	56	27	29	51	25	26	0.92	0.85	1.31	1.09	1.68	1.48	0.866666667	57	1		0.089181287	0.933333333		0.933333333	0.966666667	0.883333333	0.89	1.2	2.42	334	593	64	49	45	object	62	16	12	11
58	26	B	M	54	26	28	57	28	29	59	30	29	1.24	1.47	1.02	1.4	1.13	1.21	0.9	58	1		0.12251462	0.95		0.95	0.85	0.944444444	1.36	1.21	1.74	323	362	38	50	52	spatial	59	5	6	9
59	26	C	M	50	25	25	58	29	29	59	29	30	1.24	1.21	1.04	1.19	1.77	1.04	0.833333333	59	1		0.055847953	0.966666667		0.966666667	0.983333333	0.927777778	1.23	1.12	2.29	202	350	48	48	48	all	48	12	7	10
60	23	C	F	43	22	21	37	16	21	41	24	17	2.35	2.76	2.35	2.53	1.61	2.12	0.716666667	60			-0.060818713	0.616666667		0.616666667	0.483333333	0.344444444	2.56	2.44	2.67	324	543	56	48	33	object	54	7	6	8